[IO Files]
datalist = datalist.txt
outfile = SlicedData.txt

[Detector Info]
sensFile = sens/DAQ435.txt
SDD = 766.0
A2Center = -32.0
pixelNumX = 64
pixelNumY = 64
pixelSizeX =4.0
pixelSizeY =4.0
centerPixelX = 33.0
centerPixelY = 31.5
alpha = -3.8

[Exp Info]
Ei = 14.7
BGfile = BG/DAQ0412_Scan0140.txt
countTimeBG = 187.0

[Sample Info]
C2ofst = 0

[UB Info]
u11 = 0.815657
u12 = 0.410921
u13 = -0.011817
u21 = 0.016081
u22 = 0.007235
u23 = 0.599527
u31 = 0.003552
u32 = -0.704741
u33 = -0.000736

[Slice Info]
h_max = 0
h_min = -2
k_max = 1
k_min = -1
l_max = 1.52
l_min = 1.48
Axis1 = a
Mesh1 = 200
Axis2 = b
Mesh2 = 200
zeroIntFilling = 0.0