[IO Files]
datalist = datalist_12K_all.txt
slicefile = SlicedData_L_1.5.txt
cutfile = Qx_cut_L_1.5_lowerPeak.txt

[Detector Info]
sensFile = sens/DAQ435.txt
SDD = 896.0
A2Center = -30.45
pixelNumX = 64
pixelNumY = 64
pixelSizeX =4.0
pixelSizeY =4.0
centerPixelX = 31.5
centerPixelY = 31.5
alpha = 0.0

[Exp Info]
Ei = 14.7

[Sample Info]
C2ofst = 0

[UB Info]
u11 = 0.810111
u12 = 0.464103
u13 = 0.050059
u21 = -0.071292
u22 = -0.004402
u23 = 0.596761
u31 = 0.064842
u32 = -0.670938
u33 = 0.030712

[Slice Info]
h_max = -0.75
h_min = -1.25
k_max = 0.3
k_min = -0.3
l_max = 1.55
l_min = 1.45
hk2_max = -0.8
hk2_min = -1.2
Axis1 = hk2
Mesh1 = 35
Axis2 = b
Mesh2 = 35
zeroIntFilling = 0.0

[1Dcut Info]
h_max = -0.75
h_min = -1.25
k_max = 0.14
k_min = 0.06
l_max = 1.55
l_min = 1.45
hk2_max = -0.8
hk2_min = -1.2
Axis = hk2
Mesh = 25
zeroIntFilling = 0.0

